101
1010
1111
10100
11001
11110
100011
101000
101101
110010
110111
111100
1000001
1000110
1001011
1010000
1101001
1101110
1110011
1111000
1111101
10000010
10000111
10001100
10010001
10010110
10011011
10100000
10100101
10101010
10101111
10110100
11001101
11010010
11010111
11011100
11100001
11100110
11101011
11110000
11110101
11111010
11111111
100000100
100001001
100001110
100010011
100011000
100110001
100110110
100111011
101000000
101000101
101001010
101001111
101010100
101011001
101011110
101100011
101101000
101101101
101110010
101110111
101111100
