00000000000000000000000000000111
00000000000000000000000000001000
00000000000000000000000000010001
00000000000000000000000000010010
00000000000000000000000000011011
00000000000000000000000000011100
00000000000000000000000000100101
00000000000000000000000000100110
00000000000000000000000000101111
00000000000000000000000000110000
00000000000000000000000000111001
00000000000000000000000000111010
00000000000000000000000001000011
00000000000000000000000001000100
00000000000000000000000001001101
00000000000000000000000001001110
00000000000000000000000001101011
00000000000000000000000001101100
00000000000000000000000001110101
00000000000000000000000001110110
00000000000000000000000001111111
00000000000000000000000010000000
00000000000000000000000010001001
00000000000000000000000010001010
00000000000000000000000010010011
00000000000000000000000010010100
00000000000000000000000010011101
00000000000000000000000010011110
00000000000000000000000010100111
00000000000000000000000010101000
00000000000000000000000010110001
00000000000000000000000010100010
00000000000000000000000011001111
00000000000000000000000011010000
00000000000000000000000011011001
00000000000000000000000011011010
00000000000000000000000011100011
00000000000000000000000011100100
00000000000000000000000011101101
00000000000000000000000011101110
00000000000000000000000011110111
00000000000000000000000011111000
00000000000000000000000100000001
00000000000000000000000100000010
00000000000000000000000100001011
00000000000000000000000100001100
00000000000000000000000100010101
00000000000000000000000100010110
00000000000000000000000100110011
00000000000000000000000100110100
00000000000000000000000100111101
00000000000000000000000100111110
00000000000000000000000101000111
00000000000000000000000101001000
00000000000000000000000101010001
00000000000000000000000101010010
00000000000000000000000101011011
00000000000000000000000101011100
00000000000000000000000101100101
00000000000000000000000101100110
00000000000000000000000101101111
00000000000000000000000101110000
00000000000000000000000101111001
00000000000000000000000101111010
